$ 1 0.000005 3.046768661252054 50 5 43
r 176 192 304 192 0 1000
t 176 192 144 192 0 1 -4.999999999865 9.999999999613376e-11 100
g 144 208 144 240 0
178 32 96 112 96 0 2 0.2 2.0000058276181675e-13 0.05 1000000 0.028 175
w 144 176 32 176 0
w 32 176 32 144 0
209 -48 128 -48 224 2 0.000009999999999999999 5 1
R -48 128 -96 128 0 0 40 5 0 0 0.5
162 464 288 304 288 2 default-led 0 1 0 0.01
r 304 288 304 192 0 220
R 464 208 528 208 0 0 40 3.3 0 0 0.5
g -48 224 -48 240 0
w -48 128 32 128 0
r 304 192 304 96 0 220
162 304 96 464 96 2 default-led 0 1 0 0.01
w 464 96 464 176 0
S 304 192 464 192 0 0 false 0 2
g 464 176 528 176 0
w 464 208 464 288 0
b 431 147 344 229 0
207 144 176 144 160 4 BC547
207 32 96 -16 96 4 IN\sR
207 32 48 -16 48 4 IN\sL
207 112 32 144 32 4 O1\sL
207 112 64 144 64 4 O2\sL
207 112 112 144 112 4 O2\sR
207 112 80 144 80 4 O1\sR
x 358 320 417 323 4 12 OUT\s1\sLED
x 354 74 413 77 4 12 OUT\s2\sLED
x 347 160 395 163 4 12 ESP8266
